20 20
top 29 44 1 45 43 20 50 54 8 9 36 62 4 54 42 44 48 26 50 56 
bottom 19 24 23 1 54 4 37 31 51 45 37 14 17 21 38 64 43 36 26 2 
left 7 19 30 54 35 1 34 61 18 31 8 38 3 6 6 19 35 54 48 46 
right 23 29 12 8 50 29 64 20 5 26 36 39 8 41 5 22 12 57 30 35 
00x00 29 26 45 7
01x00 44 10 45 26
02x00 1 50 63 10
03x00 45 53 65 50
04x00 43 4 31 53
05x00 20 4 55 4
06x00 50 44 7 4
07x00 54 24 18 44
08x00 8 13 16 24
09x00 9 58 21 13
10x00 36 37 23 58
11x00 62 14 0 37
12x00 4 9 43 14
13x00 54 8 61 9
14x00 42 38 43 8
15x00 44 27 31 38
16x00 48 32 40 27
17x00 26 50 47 32
18x00 50 57 60 50
19x00 56 23 19 57
00x01 45 44 21 19
01x01 45 33 44 44
02x01 63 20 50 33
03x01 65 47 13 20
04x01 31 28 19 47
05x01 55 57 8 28
06x01 7 44 22 57
07x01 18 32 10 44
08x01 16 60 14 32
09x01 21 58 41 60
10x01 23 4 48 58
11x01 0 36 6 4
12x01 43 7 18 36
13x01 61 29 25 7
14x01 43 38 8 29
15x01 31 46 3 38
16x01 40 44 4 46
17x01 47 38 25 44
18x01 60 18 64 38
19x01 19 29 36 18
00x02 21 24 48 30
01x02 44 31 56 24
02x02 50 20 33 31
03x02 13 22 26 20
04x02 19 11 25 22
05x02 8 10 0 11
06x02 22 3 13 10
07x02 10 36 26 3
08x02 14 29 33 36
09x02 41 2 36 29
10x02 48 37 20 2
11x02 6 65 6 37
12x02 18 48 21 65
13x02 25 17 39 48
14x02 8 3 48 17
15x02 3 27 11 3
16x02 4 32 47 27
17x02 25 42 52 32
18x02 64 5 54 42
19x02 36 12 16 5
00x03 48 13 27 54
01x03 56 56 57 13
02x03 33 27 59 56
03x03 26 41 43 27
04x03 25 19 44 41
05x03 0 60 56 19
06x03 13 48 42 60
07x03 26 18 57 48
08x03 33 32 59 18
09x03 36 3 17 32
10x03 20 6 15 3
11x03 6 53 32 6
12x03 21 20 25 53
13x03 39 58 45 20
14x03 48 18 13 58
15x03 11 56 29 18
16x03 47 36 48 56
17x03 52 20 16 36
18x03 54 25 38 20
19x03 16 8 30 25
00x04 27 40 21 35
01x04 57 38 58 40
02x04 59 25 55 38
03x04 43 64 40 25
04x04 44 3 1 64
05x04 56 31 63 3
06x04 42 15 50 31
07x04 57 61 53 15
08x04 59 20 28 61
09x04 17 46 16 20
10x04 15 43 12 46
11x04 32 9 17 43
12x04 25 51 51 9
13x04 45 65 16 51
14x04 13 23 14 65
15x04 29 64 16 23
16x04 48 39 17 64
17x04 16 10 34 39
18x04 38 21 55 10
19x04 30 50 65 21
00x05 21 25 65 1
01x05 58 50 3 25
02x05 55 14 38 50
03x05 40 23 49 14
04x05 1 15 38 23
05x05 63 6 27 15
06x05 50 36 21 6
07x05 53 24 25 36
08x05 28 60 42 24
09x05 16 50 8 60
10x05 12 30 45 50
11x05 17 55 13 30
12x05 51 48 2 55
13x05 16 18 7 48
14x05 14 59 15 18
15x05 16 54 18 59
16x05 17 40 49 54
17x05 34 60 12 40
18x05 55 26 21 60
19x05 65 29 15 26
00x06 65 10 15 34
01x06 3 34 24 10
02x06 38 17 0 34
03x06 49 59 17 17
04x06 38 37 11 59
05x06 27 55 18 37
06x06 21 56 48 55
07x06 25 0 51 56
08x06 42 65 44 0
09x06 8 54 60 65
10x06 45 52 55 54
11x06 13 60 62 52
12x06 2 33 25 60
13x06 7 43 60 33
14x06 15 0 31 43
15x06 18 43 2 0
16x06 49 35 57 43
17x06 12 14 52 35
18x06 21 2 26 14
19x06 15 64 7 2
00x07 15 45 40 61
01x07 24 59 41 45
02x07 0 7 7 59
03x07 17 6 31 7
04x07 11 47 33 6
05x07 18 20 22 47
06x07 48 1 46 20
07x07 51 5 17 1
08x07 44 2 63 5
09x07 60 5 50 2
10x07 55 41 10 5
11x07 62 2 11 41
12x07 25 52 6 2
13x07 60 26 27 52
14x07 31 59 50 26
15x07 2 49 34 59
16x07 57 46 22 49
17x07 52 39 6 46
18x07 26 61 19 39
19x07 7 20 41 61
00x08 40 45 27 18
01x08 41 65 11 45
02x08 7 35 61 65
03x08 31 49 63 35
04x08 33 15 21 49
05x08 22 41 36 15
06x08 46 50 43 41
07x08 17 61 28 50
08x08 63 55 16 61
09x08 50 52 62 55
10x08 10 46 4 52
11x08 11 64 39 46
12x08 6 7 53 64
13x08 27 7 60 7
14x08 50 39 62 7
15x08 34 61 35 39
16x08 22 22 12 61
17x08 6 8 11 22
18x08 19 28 58 8
19x08 41 5 63 28
00x09 27 51 1 31
01x09 11 48 62 51
02x09 61 3 30 48
03x09 63 42 6 3
04x09 21 46 19 42
05x09 36 27 13 46
06x09 43 21 50 27
07x09 28 53 63 21
08x09 16 62 39 53
09x09 62 56 30 62
10x09 4 8 25 56
11x09 39 27 47 8
12x09 53 62 46 27
13x09 60 57 34 62
14x09 62 37 4 57
15x09 35 55 3 37
16x09 12 47 51 55
17x09 11 49 10 47
18x09 58 47 41 49
19x09 63 26 38 47
00x10 1 24 19 8
01x10 62 54 27 24
02x10 30 19 18 54
03x10 6 0 58 19
04x10 19 38 18 0
05x10 13 34 8 38
06x10 50 24 45 34
07x10 63 32 38 24
08x10 39 19 5 32
09x10 30 5 7 19
10x10 25 31 58 5
11x10 47 5 53 31
12x10 46 18 18 5
13x10 34 41 63 18
14x10 4 23 61 41
15x10 3 2 27 23
16x10 51 19 25 2
17x10 10 16 27 19
18x10 41 16 45 16
19x10 38 36 23 16
00x11 19 65 5 38
01x11 27 21 63 65
02x11 18 30 54 21
03x11 58 1 33 30
04x11 18 15 2 1
05x11 8 64 34 15
06x11 45 28 33 64
07x11 38 15 58 28
08x11 5 52 56 15
09x11 7 65 54 52
10x11 58 46 13 65
11x11 53 4 51 46
12x11 18 65 40 4
13x11 63 46 48 65
14x11 61 30 52 46
15x11 27 57 11 30
16x11 25 4 21 57
17x11 27 61 51 4
18x11 45 23 45 61
19x11 23 39 60 23
00x12 5 28 42 3
01x12 63 48 33 28
02x12 54 23 26 48
03x12 33 55 30 23
04x12 2 20 56 55
05x12 34 22 43 20
06x12 33 33 59 22
07x12 58 35 25 33
08x12 56 63 14 35
09x12 54 22 8 63
10x12 13 18 35 22
11x12 51 37 51 18
12x12 40 1 61 37
13x12 48 11 60 1
14x12 52 9 42 11
15x12 11 12 33 9
16x12 21 22 48 12
17x12 51 17 41 22
18x12 45 56 14 17
19x12 60 8 24 56
00x13 42 0 25 6
01x13 33 43 46 0
02x13 26 5 65 43
03x13 30 9 9 5
04x13 56 28 48 9
05x13 43 59 42 28
06x13 59 43 30 59
07x13 25 37 46 43
08x13 14 28 24 37
09x13 8 43 57 28
10x13 35 50 64 43
11x13 51 36 17 50
12x13 61 12 3 36
13x13 60 10 19 12
14x13 42 7 25 10
15x13 33 17 34 7
16x13 48 49 40 17
17x13 41 3 39 49
18x13 14 9 57 3
19x13 24 41 44 9
00x14 25 28 27 6
01x14 46 58 43 28
02x14 65 53 37 58
03x14 9 14 34 53
04x14 48 22 17 14
05x14 42 31 51 22
06x14 30 11 5 31
07x14 46 26 11 11
08x14 24 3 16 26
09x14 57 41 0 3
10x14 64 65 39 41
11x14 17 54 47 65
12x14 3 64 56 54
13x14 19 14 14 64
14x14 25 21 44 14
15x14 34 13 45 21
16x14 40 31 14 13
17x14 39 0 14 31
18x14 57 59 34 0
19x14 44 5 16 59
00x15 27 39 1 19
01x15 43 44 59 39
02x15 37 56 46 44
03x15 34 42 47 56
04x15 17 11 15 42
05x15 51 50 58 11
06x15 5 35 44 50
07x15 11 61 46 35
08x15 16 9 64 61
09x15 0 45 42 9
10x15 39 57 36 45
11x15 47 0 64 57
12x15 56 16 56 0
13x15 14 11 0 16
14x15 44 25 3 11
15x15 45 57 37 25
16x15 14 6 26 57
17x15 14 46 9 6
18x15 34 21 29 46
19x15 16 22 28 21
00x16 1 25 1 35
01x16 59 47 12 25
02x16 46 63 30 47
03x16 47 14 18 63
04x16 15 32 22 14
05x16 58 53 11 32
06x16 44 32 53 53
07x16 46 7 55 32
08x16 64 37 54 7
09x16 42 4 15 37
10x16 36 58 31 4
11x16 64 29 54 58
12x16 56 5 42 29
13x16 0 4 4 5
14x16 3 19 50 4
15x16 37 59 19 19
16x16 26 29 20 59
17x16 9 35 60 29
18x16 29 23 41 35
19x16 28 12 20 23
00x17 1 53 14 54
01x17 12 28 57 53
02x17 30 49 62 28
03x17 18 50 19 49
04x17 22 21 3 50
05x17 11 63 8 21
06x17 53 10 30 63
07x17 55 36 4 10
08x17 54 41 12 36
09x17 15 16 65 41
10x17 31 0 9 16
11x17 54 46 55 0
12x17 42 35 15 46
13x17 4 56 36 35
14x17 50 54 54 56
15x17 19 1 6 54
16x17 20 14 5 1
17x17 60 0 59 14
18x17 41 6 28 0
19x17 20 57 29 6
00x18 14 8 5 48
01x18 57 26 7 8
02x18 62 32 17 26
03x18 19 9 2 32
04x18 3 12 62 9
05x18 8 65 31 12
06x18 30 15 12 65
07x18 4 34 54 15
08x18 12 10 9 34
09x18 65 59 46 10
10x18 9 49 51 59
11x18 55 60 61 49
12x18 15 61 26 60
13x18 36 2 65 61
14x18 54 12 57 2
15x18 6 21 45 12
16x18 5 62 50 21
17x18 59 51 42 62
18x18 28 18 39 51
19x18 29 30 35 18
00x19 5 14 19 46
01x19 7 37 24 14
02x19 17 22 23 37
03x19 2 59 1 22
04x19 62 43 54 59
05x19 31 57 4 43
06x19 12 31 37 57
07x19 54 64 31 31
08x19 9 36 51 64
09x19 46 33 45 36
10x19 51 63 37 33
11x19 61 25 14 63
12x19 26 1 17 25
13x19 65 62 21 1
14x19 57 22 38 62
15x19 45 22 64 22
16x19 50 16 43 22
17x19 42 40 36 16
18x19 39 64 26 40
19x19 35 35 2 64
