10 10
top 33 23 7 17 6 29 29 3 26 25 
bottom 33 9 15 18 3 11 14 13 5 4 
left 8 31 4 13 4 2 3 20 21 18 
right 16 31 0 28 28 10 10 2 7 30 
00x00 33 6 19 8
01x00 23 8 20 6
02x00 7 18 21 8
03x00 17 4 16 18
04x00 6 15 26 4
05x00 29 24 28 15
06x00 29 16 22 24
07x00 3 27 11 16
08x00 26 19 32 27
09x00 25 16 14 19
00x01 19 1 22 31
01x01 20 13 29 1
02x01 21 5 31 13
03x01 16 17 19 5
04x01 26 10 33 17
05x01 28 23 25 10
06x01 22 33 26 23
07x01 11 31 28 33
08x01 32 6 6 31
09x01 14 31 26 6
00x02 22 30 9 4
01x02 29 18 7 30
02x02 31 15 22 18
03x02 19 20 12 15
04x02 33 5 6 20
05x02 25 30 12 5
06x02 26 29 29 30
07x02 28 19 21 29
08x02 6 26 21 19
09x02 26 0 20 26
00x03 9 26 32 13
01x03 7 2 32 26
02x03 22 0 32 2
03x03 12 3 33 0
04x03 6 17 23 3
05x03 12 2 20 17
06x03 29 17 13 2
07x03 21 1 25 17
08x03 21 10 30 1
09x03 20 28 18 10
00x04 32 29 2 4
01x04 32 8 16 29
02x04 32 24 3 8
03x04 33 2 27 24
04x04 23 28 1 2
05x04 20 19 2 28
06x04 13 30 11 19
07x04 25 8 9 30
08x04 30 19 29 8
09x04 18 28 22 19
00x05 2 18 30 2
01x05 16 4 15 18
02x05 3 1 14 4
03x05 27 31 9 1
04x05 1 23 0 31
05x05 2 21 9 23
06x05 11 29 14 21
07x05 9 33 23 29
08x05 29 31 4 33
09x05 22 10 19 31
00x06 30 23 18 3
01x06 15 7 24 23
02x06 14 3 19 7
03x06 9 31 29 3
04x06 0 1 28 31
05x06 9 12 18 1
06x06 14 12 26 12
07x06 23 21 13 12
08x06 4 0 9 21
09x06 19 10 18 0
00x07 18 13 3 20
01x07 24 9 16 13
02x07 19 17 32 9
03x07 29 7 27 17
04x07 28 30 6 7
05x07 18 11 11 30
06x07 26 9 32 11
07x07 13 22 17 9
08x07 9 11 9 22
09x07 18 2 5 11
00x08 3 12 25 21
01x08 16 6 11 12
02x08 32 30 24 6
03x08 27 12 31 30
04x08 6 8 24 12
05x08 11 21 16 8
06x08 32 4 5 21
07x08 17 27 10 4
08x08 9 20 9 27
09x08 5 7 4 20
00x09 25 29 33 18
01x09 11 10 9 29
02x09 24 8 15 10
03x09 31 17 18 8
04x09 24 27 3 17
05x09 16 1 11 27
06x09 5 23 14 1
07x09 10 14 13 23
08x09 9 28 5 14
09x09 4 30 4 28
