10 100
top 45 98 31 32 75 84 95 99 30 96 
bottom 104 43 91 91 53 2 11 97 28 99 
left 101 100 44 62 41 9 13 78 21 60 79 74 68 41 59 14 81 46 36 23 11 73 94 99 103 83 29 39 23 13 80 96 12 67 53 74 92 3 102 104 10 52 26 35 76 33 13 52 32 39 1 67 50 74 73 7 37 27 5 91 97 12 17 29 15 60 9 72 39 93 77 96 86 97 72 98 22 56 73 18 92 51 10 69 39 17 65 61 102 1 23 1 33 87 38 1 19 97 68 43 
right 98 0 30 25 77 37 89 4 47 72 32 91 49 88 88 26 69 21 21 21 58 16 70 26 57 63 45 12 27 15 43 56 41 52 66 69 37 48 0 18 91 35 96 86 51 91 99 48 72 80 59 54 24 65 10 20 57 61 14 73 34 84 79 18 59 13 16 100 101 52 59 49 94 71 44 69 43 64 102 26 94 82 72 12 3 43 86 24 11 2 8 3 3 58 1 28 30 7 12 29 
00x00 45 66 48 101
01x00 98 23 82 66
02x00 31 77 47 23
03x00 32 39 0 77
04x00 75 37 79 39
05x00 84 15 37 37
06x00 95 74 33 15
07x00 99 48 65 74
08x00 30 79 16 48
09x00 96 98 38 79
00x01 48 71 104 100
01x01 82 43 79 71
02x01 47 104 102 43
03x01 0 7 77 104
04x01 79 22 59 7
05x01 37 11 22 22
06x01 33 38 26 11
07x01 65 101 5 38
08x01 16 41 10 101
09x01 38 0 10 41
00x02 104 86 21 44
01x02 79 92 79 86
02x02 102 23 62 92
03x02 77 94 18 23
04x02 59 29 93 94
05x02 22 39 85 29
06x02 26 69 13 39
07x02 5 92 41 69
08x02 10 35 23 92
09x02 10 30 57 35
00x03 21 33 54 62
01x03 79 64 67 33
02x03 62 61 85 64
03x03 18 97 74 61
04x03 93 43 95 97
05x03 85 61 17 43
06x03 13 95 18 61
07x03 41 6 91 95
08x03 23 24 76 6
09x03 57 25 87 24
00x04 54 38 74 41
01x04 67 59 51 38
02x04 85 98 66 59
03x04 74 3 32 98
04x04 95 99 34 3
05x04 17 99 45 99
06x04 18 76 39 99
07x04 91 2 56 76
08x04 76 8 76 2
09x04 87 77 81 8
00x05 74 94 71 9
01x05 51 4 78 94
02x05 66 57 29 4
03x05 32 26 59 57
04x05 34 11 44 26
05x05 45 75 62 11
06x05 39 104 21 75
07x05 56 32 42 104
08x05 76 24 41 32
09x05 81 37 59 24
00x06 71 63 37 13
01x06 78 32 35 63
02x06 29 2 85 32
03x06 59 46 80 2
04x06 44 37 52 46
05x06 62 83 97 37
06x06 21 40 23 83
07x06 42 44 79 40
08x06 41 89 41 44
09x06 59 89 25 89
00x07 37 20 38 78
01x07 35 33 27 20
02x07 85 67 94 33
03x07 80 68 0 67
04x07 52 13 17 68
05x07 97 82 75 13
06x07 23 40 34 82
07x07 79 8 69 40
08x07 41 13 82 8
09x07 25 4 36 13
00x08 38 61 35 21
01x08 27 63 22 61
02x08 94 76 47 63
03x08 0 47 27 76
04x08 17 60 49 47
05x08 75 2 26 60
06x08 34 12 2 2
07x08 69 25 93 12
08x08 82 98 20 25
09x08 36 47 68 98
00x09 35 82 53 60
01x09 22 25 72 82
02x09 47 7 6 25
03x09 27 3 28 7
04x09 49 68 66 3
05x09 26 9 13 68
06x09 2 33 49 9
07x09 93 50 59 33
08x09 20 51 77 50
09x09 68 72 31 51
00x10 53 37 1 79
01x10 72 99 61 37
02x10 6 46 55 99
03x10 28 15 100 46
04x10 66 2 40 15
05x10 13 67 8 2
06x10 49 85 82 67
07x10 59 76 46 85
08x10 77 46 64 76
09x10 31 32 36 46
00x11 1 81 87 74
01x11 61 29 5 81
02x11 55 36 78 29
03x11 100 13 10 36
04x11 40 92 14 13
05x11 8 60 14 92
06x11 82 64 32 60
07x11 46 71 23 64
08x11 64 12 6 71
09x11 36 91 102 12
00x12 87 68 50 68
01x12 5 10 91 68
02x12 78 23 38 10
03x12 10 44 83 23
04x12 14 18 99 44
05x12 14 96 28 18
06x12 32 86 87 96
07x12 23 19 1 86
08x12 6 48 52 19
09x12 102 49 71 48
00x13 50 33 34 41
01x13 91 38 101 33
02x13 38 80 88 38
03x13 83 88 66 80
04x13 99 52 3 88
05x13 28 89 91 52
06x13 87 81 71 89
07x13 1 30 59 81
08x13 52 27 95 30
09x13 71 88 91 27
00x14 34 95 5 59
01x14 101 34 5 95
02x14 88 64 75 34
03x14 66 38 98 64
04x14 3 90 12 38
05x14 91 50 74 90
06x14 71 100 12 50
07x14 59 103 103 100
08x14 95 78 89 103
09x14 91 88 17 78
00x15 5 55 0 14
01x15 5 73 88 55
02x15 75 17 53 73
03x15 98 47 70 17
04x15 12 55 81 47
05x15 74 45 1 55
06x15 12 76 57 45
07x15 103 0 75 76
08x15 89 8 89 0
09x15 17 26 30 8
00x16 0 37 95 81
01x16 88 98 51 37
02x16 53 46 76 98
03x16 70 29 33 46
04x16 81 44 12 29
05x16 1 104 4 44
06x16 57 6 29 104
07x16 75 98 24 6
08x16 89 27 74 98
09x16 30 69 28 27
00x17 95 104 5 46
01x17 51 98 7 104
02x17 76 95 19 98
03x17 33 14 48 95
04x17 12 33 86 14
05x17 4 19 62 33
06x17 29 68 60 19
07x17 24 36 97 68
08x17 74 63 43 36
09x17 28 21 12 63
00x18 5 45 39 36
01x18 7 88 92 45
02x18 19 44 6 88
03x18 48 17 100 44
04x18 86 89 65 17
05x18 62 6 70 89
06x18 60 61 68 6
07x18 97 75 51 61
08x18 43 8 7 75
09x18 12 21 32 8
00x19 39 64 30 23
01x19 92 35 100 64
02x19 6 53 51 35
03x19 100 60 40 53
04x19 65 73 66 60
05x19 70 26 100 73
06x19 68 42 101 26
07x19 51 12 15 42
08x19 7 62 54 12
09x19 32 21 4 62
00x20 30 66 56 11
01x20 100 39 74 66
02x20 51 64 56 39
03x20 40 21 13 64
04x20 66 70 16 21
05x20 100 43 16 70
06x20 101 54 83 43
07x20 15 89 15 54
08x20 54 86 84 89
09x20 4 58 59 86
00x21 56 73 98 73
01x21 74 0 71 73
02x21 56 80 93 0
03x21 13 32 31 80
04x21 16 27 83 32
05x21 16 43 46 27
06x21 83 73 34 43
07x21 15 11 67 73
08x21 84 77 5 11
09x21 59 16 33 77
00x22 98 8 14 94
01x22 71 51 101 8
02x22 93 93 44 51
03x22 31 101 59 93
04x22 83 19 89 101
05x22 46 68 51 19
06x22 34 35 48 68
07x22 67 93 82 35
08x22 5 98 22 93
09x22 33 70 37 98
00x23 14 75 30 99
01x23 101 27 42 75
02x23 44 39 19 27
03x23 59 48 9 39
04x23 89 40 2 48
05x23 51 48 57 40
06x23 48 2 77 48
07x23 82 28 61 2
08x23 22 71 27 28
09x23 37 26 85 71
00x24 30 102 11 103
01x24 42 3 16 102
02x24 19 50 22 3
03x24 9 69 47 50
04x24 2 87 32 69
05x24 57 57 95 87
06x24 77 56 23 57
07x24 61 78 63 56
08x24 27 40 0 78
09x24 85 57 59 40
00x25 11 38 40 83
01x25 16 47 85 38
02x25 22 70 102 47
03x25 47 45 79 70
04x25 32 62 31 45
05x25 95 34 16 62
06x25 23 4 74 34
07x25 63 36 54 4
08x25 0 63 77 36
09x25 59 63 42 63
00x26 40 17 20 29
01x26 85 93 56 17
02x26 102 54 76 93
03x26 79 33 72 54
04x26 31 81 41 33
05x26 16 1 97 81
06x26 74 23 76 1
07x26 54 26 87 23
08x26 77 7 80 26
09x26 42 45 85 7
00x27 20 87 91 39
01x27 56 33 84 87
02x27 76 54 45 33
03x27 72 67 55 54
04x27 41 96 49 67
05x27 97 48 64 96
06x27 76 42 18 48
07x27 87 21 49 42
08x27 80 80 101 21
09x27 85 12 30 80
00x28 91 23 9 23
01x28 84 32 51 23
02x28 45 68 73 32
03x28 55 95 100 68
04x28 49 92 90 95
05x28 64 54 28 92
06x28 18 11 98 54
07x28 49 70 6 11
08x28 101 37 38 70
09x28 30 27 86 37
00x29 9 50 95 13
01x29 51 21 22 50
02x29 73 65 99 21
03x29 100 86 49 65
04x29 90 101 91 86
05x29 28 56 20 101
06x29 98 3 71 56
07x29 6 84 25 3
08x29 38 13 29 84
09x29 86 15 72 13
00x30 95 80 63 80
01x30 22 89 49 80
02x30 99 62 7 89
03x30 49 91 56 62
04x30 91 71 34 91
05x30 20 14 97 71
06x30 71 33 50 14
07x30 25 75 44 33
08x30 29 69 84 75
09x30 72 43 74 69
00x31 63 18 9 96
01x31 49 58 44 18
02x31 7 31 104 58
03x31 56 8 42 31
04x31 34 72 72 8
05x31 97 7 23 72
06x31 50 1 35 7
07x31 44 87 22 1
08x31 84 62 59 87
09x31 74 56 25 62
00x32 9 45 74 12
01x32 44 86 40 45
02x32 104 60 39 86
03x32 42 85 4 60
04x32 72 81 93 85
05x32 23 85 89 81
06x32 35 30 76 85
07x32 22 43 51 30
08x32 59 104 45 43
09x32 25 41 104 104
00x33 74 87 50 67
01x33 40 25 22 87
02x33 39 5 64 25
03x33 4 84 91 5
04x33 93 40 72 84
05x33 89 72 1 40
06x33 76 102 20 72
07x33 51 44 54 102
08x33 45 40 95 44
09x33 104 52 62 40
00x34 50 54 74 53
01x34 22 80 96 54
02x34 64 50 19 80
03x34 91 55 100 50
04x34 72 83 3 55
05x34 1 34 69 83
06x34 20 20 83 34
07x34 54 36 21 20
08x34 95 58 56 36
09x34 62 66 7 58
00x35 74 88 46 74
01x35 96 24 27 88
02x35 19 51 28 24
03x35 100 29 47 51
04x35 3 31 18 29
05x35 69 95 39 31
06x35 83 82 77 95
07x35 21 85 36 82
08x35 56 55 98 85
09x35 7 69 80 55
00x36 46 98 104 92
01x36 27 65 80 98
02x36 28 62 14 65
03x36 47 38 97 62
04x36 18 77 16 38
05x36 39 55 69 77
06x36 77 15 4 55
07x36 36 77 43 15
08x36 98 98 14 77
09x36 80 37 25 98
00x37 104 8 77 3
01x37 80 58 1 8
02x37 14 82 88 58
03x37 97 20 15 82
04x37 16 69 7 20
05x37 69 87 80 69
06x37 4 15 12 87
07x37 43 104 61 15
08x37 14 79 99 104
09x37 25 48 75 79
00x38 77 55 71 102
01x38 1 36 71 55
02x38 88 30 68 36
03x38 15 21 3 30
04x38 7 53 98 21
05x38 80 92 9 53
06x38 12 45 94 92
07x38 61 51 59 45
08x38 99 68 45 51
09x38 75 0 6 68
00x39 71 75 85 104
01x39 71 32 18 75
02x39 68 17 79 32
03x39 3 24 39 17
04x39 98 62 38 24
05x39 9 84 2 62
06x39 94 91 58 84
07x39 59 2 74 91
08x39 45 50 49 2
09x39 6 18 104 50
00x40 85 86 51 10
01x40 18 82 71 86
02x40 79 102 53 82
03x40 39 79 2 102
04x40 38 94 32 79
05x40 2 66 13 94
06x40 58 63 40 66
07x40 74 46 40 63
08x40 49 27 4 46
09x40 104 91 4 27
00x41 51 65 35 52
01x41 71 42 19 65
02x41 53 103 51 42
03x41 2 72 30 103
04x41 32 25 81 72
05x41 13 20 26 25
06x41 40 48 1 20
07x41 40 100 52 48
08x41 4 70 0 100
09x41 4 35 18 70
00x42 35 102 89 26
01x42 19 2 25 102
02x42 51 41 100 2
03x42 30 53 78 41
04x42 81 45 83 53
05x42 26 103 21 45
06x42 1 96 64 103
07x42 52 60 89 96
08x42 0 85 15 60
09x42 18 96 95 85
00x43 89 80 104 35
01x43 25 101 36 80
02x43 100 22 63 101
03x43 78 42 0 22
04x43 83 9 17 42
05x43 21 90 16 9
06x43 64 61 14 90
07x43 89 5 82 61
08x43 15 93 78 5
09x43 95 86 63 93
00x44 104 38 17 76
01x44 36 37 90 38
02x44 63 97 67 37
03x44 0 94 103 97
04x44 17 67 5 94
05x44 16 37 73 67
06x44 14 17 29 37
07x44 82 84 80 17
08x44 78 68 39 84
09x44 63 51 2 68
00x45 17 71 7 33
01x45 90 81 31 71
02x45 67 46 22 81
03x45 103 84 23 46
04x45 5 12 59 84
05x45 73 91 99 12
06x45 29 92 37 91
07x45 80 16 12 92
08x45 39 14 9 16
09x45 2 91 12 14
00x46 7 76 12 13
01x46 31 43 96 76
02x46 22 28 98 43
03x46 23 74 17 28
04x46 59 6 30 74
05x46 99 13 66 6
06x46 37 33 101 13
07x46 12 70 69 33
08x46 9 18 78 70
09x46 12 99 69 18
00x47 12 17 90 52
01x47 96 58 64 17
02x47 98 81 57 58
03x47 17 102 92 81
04x47 30 78 14 102
05x47 66 32 48 78
06x47 101 60 27 32
07x47 69 43 2 60
08x47 78 18 73 43
09x47 69 48 53 18
00x48 90 84 67 32
01x48 64 84 66 84
02x48 57 2 27 84
03x48 92 22 6 2
04x48 14 47 1 22
05x48 48 81 2 47
06x48 27 25 27 81
07x48 2 96 72 25
08x48 73 45 70 96
09x48 53 72 78 45
00x49 67 71 61 39
01x49 66 87 72 71
02x49 27 43 60 87
03x49 6 86 74 43
04x49 1 13 53 86
05x49 2 69 93 13
06x49 27 80 19 69
07x49 72 95 77 80
08x49 70 80 35 95
09x49 78 80 76 80
00x50 61 49 40 1
01x50 72 56 91 49
02x50 60 37 81 56
03x50 74 35 31 37
04x50 53 35 66 35
05x50 93 100 23 35
06x50 19 21 98 100
07x50 77 76 70 21
08x50 35 60 11 76
09x50 76 59 5 60
00x51 40 27 99 67
01x51 91 51 5 27
02x51 81 65 14 51
03x51 31 12 53 65
04x51 66 17 63 12
05x51 23 49 5 17
06x51 98 99 20 49
07x51 70 76 63 99
08x51 11 18 37 76
09x51 5 54 80 18
00x52 99 80 60 50
01x52 5 35 75 80
02x52 14 64 28 35
03x52 53 23 86 64
04x52 63 16 50 23
05x52 5 28 93 16
06x52 20 34 68 28
07x52 63 20 24 34
08x52 37 35 70 20
09x52 80 24 24 35
00x53 60 9 26 74
01x53 75 97 79 9
02x53 28 29 20 97
03x53 86 83 44 29
04x53 50 47 94 83
05x53 93 10 67 47
06x53 68 30 70 10
07x53 24 14 25 30
08x53 70 74 76 14
09x53 24 65 81 74
00x54 26 42 91 73
01x54 79 103 39 42
02x54 20 70 31 103
03x54 44 81 7 70
04x54 94 65 86 81
05x54 67 81 85 65
06x54 70 53 58 81
07x54 25 55 51 53
08x54 76 96 15 55
09x54 81 10 15 96
00x55 91 64 49 7
01x55 39 15 56 64
02x55 31 94 49 15
03x55 7 56 101 94
04x55 86 31 8 56
05x55 85 9 87 31
06x55 58 9 9 9
07x55 51 0 104 9
08x55 15 24 53 0
09x55 15 20 67 24
00x56 49 49 12 37
01x56 56 41 99 49
02x56 49 84 68 41
03x56 101 97 5 84
04x56 8 96 23 97
05x56 87 33 95 96
06x56 9 19 31 33
07x56 104 55 59 19
08x56 53 69 75 55
09x56 67 57 86 69
00x57 12 101 22 27
01x57 99 16 64 101
02x57 68 83 68 16
03x57 5 8 85 83
04x57 23 89 94 8
05x57 95 38 43 89
06x57 31 25 34 38
07x57 59 88 103 25
08x57 75 92 93 88
09x57 86 61 41 92
00x58 22 31 6 5
01x58 64 55 52 31
02x58 68 27 98 55
03x58 85 48 99 27
04x58 94 11 73 48
05x58 43 97 29 11
06x58 34 55 67 97
07x58 103 83 41 55
08x58 93 21 1 83
09x58 41 14 61 21
00x59 6 28 51 91
01x59 52 29 76 28
02x59 98 77 92 29
03x59 99 81 101 77
04x59 73 103 15 81
05x59 29 34 45 103
06x59 67 60 12 34
07x59 41 8 22 60
08x59 1 65 29 8
09x59 61 73 84 65
00x60 51 76 81 97
01x60 76 26 4 76
02x60 92 47 47 26
03x60 101 31 90 47
04x60 15 84 103 31
05x60 45 30 18 84
06x60 12 93 20 30
07x60 22 11 23 93
08x60 29 96 50 11
09x60 84 34 104 96
00x61 81 34 0 12
01x61 4 20 6 34
02x61 47 57 92 20
03x61 90 39 1 57
04x61 103 13 74 39
05x61 18 10 29 13
06x61 20 0 59 10
07x61 23 11 66 0
08x61 50 35 12 11
09x61 104 84 21 35
00x62 0 49 21 17
01x62 6 32 2 49
02x62 92 95 36 32
03x62 1 14 22 95
04x62 74 93 51 14
05x62 29 23 52 93
06x62 59 70 60 23
07x62 66 66 102 70
08x62 12 41 85 66
09x62 21 79 73 41
00x63 21 95 46 29
01x63 2 11 83 95
02x63 36 16 90 11
03x63 22 101 39 16
04x63 51 66 1 101
05x63 52 65 8 66
06x63 60 88 70 65
07x63 102 62 84 88
08x63 85 63 17 62
09x63 73 18 46 63
00x64 46 96 25 15
01x64 83 20 62 96
02x64 90 65 2 20
03x64 39 82 102 65
04x64 1 49 43 82
05x64 8 93 34 49
06x64 70 22 62 93
07x64 84 96 91 22
08x64 17 38 5 96
09x64 46 59 96 38
00x65 25 14 38 60
01x65 62 35 16 14
02x65 2 32 15 35
03x65 102 26 24 32
04x65 43 90 79 26
05x65 34 21 23 90
06x65 62 60 3 21
07x65 91 0 87 60
08x65 5 97 9 0
09x65 96 13 78 97
00x66 38 47 74 9
01x66 16 13 30 47
02x66 15 13 22 13
03x66 24 56 0 13
04x66 79 23 16 56
05x66 23 53 15 23
06x66 3 82 11 53
07x66 87 99 24 82
08x66 9 103 52 99
09x66 78 16 61 103
00x67 74 44 76 72
01x67 30 31 35 44
02x67 22 73 21 31
03x67 0 96 6 73
04x67 16 72 10 96
05x67 15 73 50 72
06x67 11 94 84 73
07x67 24 84 7 94
08x67 52 98 75 84
09x67 61 100 16 98
00x68 76 17 8 39
01x68 35 20 4 17
02x68 21 63 58 20
03x68 6 26 48 63
04x68 10 48 91 26
05x68 50 100 11 48
06x68 84 29 6 100
07x68 7 99 40 29
08x68 75 73 37 99
09x68 16 101 78 73
00x69 8 99 103 93
01x69 4 75 102 99
02x69 58 70 58 75
03x69 48 12 61 70
04x69 91 87 71 12
05x69 11 89 64 87
06x69 6 14 95 89
07x69 40 74 15 14
08x69 37 44 57 74
09x69 78 52 86 44
00x70 103 89 71 77
01x70 102 103 96 89
02x70 58 89 38 103
03x70 61 62 73 89
04x70 71 36 24 62
05x70 64 8 20 36
06x70 95 98 95 8
07x70 15 79 12 98
08x70 57 64 4 79
09x70 86 59 28 64
00x71 71 96 92 96
01x71 96 82 42 96
02x71 38 76 88 82
03x71 73 6 92 76
04x71 24 60 92 6
05x71 20 84 33 60
06x71 95 72 79 84
07x71 12 95 10 72
08x71 4 42 41 95
09x71 28 49 97 42
00x72 92 54 77 86
01x72 42 35 56 54
02x72 88 74 73 35
03x72 92 36 8 74
04x72 92 100 91 36
05x72 33 57 31 100
06x72 79 91 74 57
07x72 10 88 80 91
08x72 41 3 15 88
09x72 97 94 39 3
00x73 77 10 70 97
01x73 56 24 100 10
02x73 73 102 82 24
03x73 8 75 20 102
04x73 91 14 16 75
05x73 31 44 34 14
06x73 74 62 3 44
07x73 80 11 93 62
08x73 15 86 55 11
09x73 39 71 101 86
00x74 70 32 52 72
01x74 100 28 88 32
02x74 82 89 98 28
03x74 20 41 1 89
04x74 16 49 37 41
05x74 34 8 54 49
06x74 3 70 84 8
07x74 93 19 52 70
08x74 55 94 97 19
09x74 101 44 59 94
00x75 52 78 15 98
01x75 88 43 20 78
02x75 98 91 97 43
03x75 1 47 25 91
04x75 37 65 55 47
05x75 54 89 36 65
06x75 84 58 104 89
07x75 52 52 0 58
08x75 97 83 45 52
09x75 59 69 70 83
00x76 15 47 84 22
01x76 20 22 21 47
02x76 97 50 89 22
03x76 25 7 61 50
04x76 55 49 95 7
05x76 36 23 36 49
06x76 104 63 70 23
07x76 0 53 70 63
08x76 45 97 89 53
09x76 70 43 41 97
00x77 84 79 100 56
01x77 21 94 22 79
02x77 89 79 34 94
03x77 61 23 27 79
04x77 95 52 44 23
05x77 36 48 14 52
06x77 70 27 5 48
07x77 70 79 77 27
08x77 89 57 12 79
09x77 41 64 97 57
00x78 100 35 64 73
01x78 22 65 9 35
02x78 34 6 15 65
03x78 27 36 85 6
04x78 44 53 74 36
05x78 14 10 73 53
06x78 5 13 27 10
07x78 77 96 78 13
08x78 12 8 91 96
09x78 97 102 18 8
00x79 64 24 3 18
01x79 9 80 49 24
02x79 15 3 12 80
03x79 85 78 33 3
04x79 74 38 104 78
05x79 73 14 26 38
06x79 27 82 13 14
07x79 78 77 61 82
08x79 91 65 16 77
09x79 18 26 72 65
00x80 3 69 82 92
01x80 49 78 84 69
02x80 12 26 51 78
03x80 33 68 92 26
04x80 104 85 79 68
05x80 26 53 24 85
06x80 13 35 65 53
07x80 61 64 3 35
08x80 16 4 59 64
09x80 72 94 75 4
00x81 82 26 58 51
01x81 84 49 23 26
02x81 51 22 24 49
03x81 92 63 83 22
04x81 79 78 51 63
05x81 24 96 74 78
06x81 65 90 75 96
07x81 3 98 40 90
08x81 59 23 6 98
09x81 75 82 104 23
00x82 58 32 54 10
01x82 23 47 9 32
02x82 24 66 94 47
03x82 83 60 101 66
04x82 51 15 58 60
05x82 74 40 41 15
06x82 75 18 94 40
07x82 40 77 34 18
08x82 6 87 64 77
09x82 104 72 29 87
00x83 54 64 89 69
01x83 9 20 2 64
02x83 94 52 82 20
03x83 101 82 51 52
04x83 58 58 48 82
05x83 41 61 79 58
06x83 94 102 90 61
07x83 34 26 57 102
08x83 64 33 69 26
09x83 29 12 5 33
00x84 89 63 1 39
01x84 2 9 79 63
02x84 82 99 87 9
03x84 51 79 1 99
04x84 48 5 93 79
05x84 79 50 15 5
06x84 90 72 101 50
07x84 57 54 73 72
08x84 69 21 74 54
09x84 5 3 76 21
00x85 1 62 22 17
01x85 79 72 5 62
02x85 87 20 31 72
03x85 1 17 41 20
04x85 93 15 50 17
05x85 15 6 45 15
06x85 101 19 53 6
07x85 73 93 72 19
08x85 74 28 102 93
09x85 76 43 80 28
00x86 22 26 99 65
01x86 5 50 26 26
02x86 31 62 26 50
03x86 41 65 95 62
04x86 50 80 75 65
05x86 45 31 97 80
06x86 53 8 18 31
07x86 72 69 61 8
08x86 102 57 47 69
09x86 80 86 41 57
00x87 99 88 29 61
01x87 26 86 75 88
02x87 26 102 41 86
03x87 95 54 44 102
04x87 75 100 42 54
05x87 97 21 9 100
06x87 18 3 100 21
07x87 61 104 99 3
08x87 47 59 78 104
09x87 41 24 78 59
00x88 29 101 90 102
01x88 75 22 7 101
02x88 41 22 45 22
03x88 44 73 64 22
04x88 42 102 35 73
05x88 9 4 4 102
06x88 100 90 60 4
07x88 99 66 30 90
08x88 78 54 92 66
09x88 78 11 34 54
00x89 90 6 67 1
01x89 7 86 6 6
02x89 45 78 21 86
03x89 64 7 71 78
04x89 35 78 83 7
05x89 4 9 11 78
06x89 60 43 53 9
07x89 30 51 84 43
08x89 92 87 85 51
09x89 34 2 23 87
00x90 67 95 42 23
01x90 6 31 52 95
02x90 21 54 31 31
03x90 71 5 85 54
04x90 83 101 24 5
05x90 11 10 4 101
06x90 53 12 65 10
07x90 84 14 80 12
08x90 85 24 63 14
09x90 23 8 40 24
00x91 42 15 0 1
01x91 52 40 38 15
02x91 31 55 39 40
03x91 85 43 43 55
04x91 24 79 42 43
05x91 4 77 35 79
06x91 65 11 96 77
07x91 80 7 57 11
08x91 63 76 53 7
09x91 40 3 1 76
00x92 0 35 19 33
01x92 38 33 45 35
02x92 39 33 89 33
03x92 43 61 10 33
04x92 42 47 31 61
05x92 35 85 74 47
06x92 96 14 103 85
07x92 57 16 46 14
08x92 53 31 16 16
09x92 1 3 64 31
00x93 19 76 83 87
01x93 45 89 90 76
02x93 89 58 65 89
03x93 10 2 81 58
04x93 31 89 28 2
05x93 74 67 56 89
06x93 103 94 16 67
07x93 46 0 9 94
08x93 16 15 61 0
09x93 64 58 34 15
00x94 83 80 52 38
01x94 90 7 16 80
02x94 65 32 99 7
03x94 81 32 61 32
04x94 28 79 82 32
05x94 56 28 77 79
06x94 16 81 95 28
07x94 9 93 63 81
08x94 61 3 99 93
09x94 34 1 73 3
00x95 52 11 85 1
01x95 16 34 48 11
02x95 99 91 9 34
03x95 61 81 43 91
04x95 82 46 33 81
05x95 77 97 46 46
06x95 95 14 0 97
07x95 63 13 75 14
08x95 99 86 57 13
09x95 73 28 31 86
00x96 85 80 14 19
01x96 48 15 2 80
02x96 9 10 1 15
03x96 43 32 67 10
04x96 33 83 91 32
05x96 46 13 91 83
06x96 0 24 48 13
07x96 75 63 90 24
08x96 57 88 53 63
09x96 31 30 41 88
00x97 14 3 25 97
01x97 2 5 102 3
02x97 1 67 62 5
03x97 67 65 58 67
04x97 91 82 40 65
05x97 91 30 42 82
06x97 48 67 50 30
07x97 90 8 36 67
08x97 53 55 45 8
09x97 41 7 38 55
00x98 25 86 88 68
01x98 102 69 0 86
02x98 62 100 37 69
03x98 58 33 44 100
04x98 40 5 99 33
05x98 42 30 9 5
06x98 50 29 53 30
07x98 36 29 62 29
08x98 45 87 82 29
09x98 38 12 3 87
00x99 88 4 104 43
01x99 0 8 43 4
02x99 37 92 91 8
03x99 44 62 91 92
04x99 99 78 53 62
05x99 9 86 2 78
06x99 53 92 11 86
07x99 62 37 97 92
08x99 82 36 28 37
09x99 3 29 99 36
